TCO_BTC,JAN,FEB,MAR,APR,MAY,JUN,JUL,AUG,SEP,OCT,NOV,DEC
1101,29686,24750,25044,28688,30853,29268,37561,46373,29907,32852,28872,40322
1102,77491,68410,61057,58669,64144,67686,81714,106439,68055,76781,71303,88255
1103,51418,41643,23756,23979,30997,35541,55950,74776,33253,42676,27159,46015
1104,70034,61428,74550,73424,76510,75765,77933,83833,71783,80554,78073,80679
1105,516,417,537,487,482,520,592,546,488,498,474,534
1106,24183,19844,16430,17285,22981,24484,30440,48802,22836,28341,21789,25224
1201,198863,161076,170669,176451,177764,165242,199036,171281,161732,194434,177706,201014
1202,12603,10270,11373,11232,12369,13524,15350,14617,13709,15402,14466,15292
1203,281510,260839,293295,306503,328615,410197,325444,328840,359819,361038,356374,462412
1204,503821,426060,481650,506883,537820,501207,524548,573222,527430,583098,586083,617622
1205,12127,13343,16641,18891,22710,18982,19439,26274,17805,21761,17233,13645
1206,964901,526617,622970,625317,689500,1320898,1490342,1453773,1421101,1505043,1494707,1674859
1207,1931493,1823206,1809955,1940853,1989746,2034396,2010700,2032270,2079808,2077298,2222761,2224430
1208,61094,1108082,1262863,1374341,1403147,1323329,1550151,1478346,1438346,1549450,1523316,1717178
1301,12123,11956,12654,13147,14242,14517,15297,16889,14871,17160,16302,16819
1302,2318,2049,2443,2168,1808,1455,944,1314,1700,1791,1918,1627
2101,5090623,4395823,5487154,5553990,6073231,5937017,6209035,6526723,5630653,6526256,6213926,6339478
2102,355211,315353,387197,385359,434376,433252,423795,433331,395452,463385,433849,469338
2103,621174,577115,688082,688207,735670,732852,777206,778819,704770,809067,780084,824232
2104,343325,307911,359304,357199,396137,392174,407662,432663,364386,415638,380835,430592
2105,38433,33153,38391,38724,43371,41085,46247,55806,46562,54104,54185,62992
2106,1129360,1033890,1147851,1171251,1282822,1306055,1406768,1454466,1273598,1327309,1155826,1239945
2107,96597,88924,90052,92036,97499,101731,118765,123055,118440,114476,114533,142594
2108,4536316,3990698,4914662,5042974,5462184,5438266,5515827,5858154,5245127,5888569,5512676,5592777
2201,2766893,2566972,3258024,3498982,3998303,4016149,4217161,4406365,3988683,4334159,3974918,4087613
2202,2035560,1816793,2261219,2291585,2357158,2331403,2345572,2414171,2263509,2423879,2267711,2361763
2203,4873,4782,5404,5641,5833,6056,6202,6501,6187,6491,6502,7475
2301,142604,126911,150517,148455,169403,172773,175987,176686,168413,181750,174604,189533
2302,22096,20070,23446,22638,24225,24182,25456,25949,25099,26081,25348,30796
2303,178030,160482,189915,187511,220829,229341,235976,242238,221658,233206,218237,232079
2304,4,3,4,,7,8,5,8,7,3,4,3
2305,996,970,1096,1007,1039,998,1035,1074,981,1046,1029,1115
2306,5716,5281,5972,5690,6253,6312,6365,6589,6652,6754,6562,8685
2307,13,10,6,24,14,16,15,24,12,58,87,116
2308,12,9,6,9,12,18,16,12,9,11,25,20
2309,239,206,243,232,211,180,207,228,191,233,250,320
2310,50822,46577,53482,51868,55208,55656,58259,58854,58515,59731,57009,69678
2401,62849,57533,59207,60643,63220,63149,60077,61885,73412,65727,66578,66183
2402,730849,632150,700496,714844,770711,775542,767657,773150,780423,755427,832117,869237
2403,210610,189297,194044,195050,201818,194736,180077,194637,247105,221144,236118,230082
2404,22609,20228,22870,21753,22954,23199,22679,22503,22721,25583,24795,23559
2405,21416,18963,12650,13222,16454,13212,12919,15832,31864,16814,14206,13028
2406,1075,876,1230,1282,1295,1205,1307,1271,1466,1720,1606,1298
2407,577937,512969,632654,681627,791417,822543,854057,888029,794924,836773,758064,734047
2408,516242,441751,542519,573604,598635,589049,550835,583128,599523,668095,645131,634452
3101,4589715,4151669,4966877,4791344,5488558,5095761,5157777,4759511,4679474,4865634,4766131,5073512
3102,4883002,4484743,5151682,5466015,5781935,5266871,5960255,5532602,5492972,5355975,5185721,5558902
3103,17637,15833,18697,18368,19510,18820,19702,20734,15663,16386,15979,17271
3104,8912691,7942792,9363024,9664709,10477107,10568586,10906777,11056121,10419453,10600618,10073228,10087275
3105,5986986,5384598,6592517,7508626,8273423,8223145,9031520,8959869,8744338,9175618,8359925,8332015
3106,494702,473777,630669,593996,662947,670109,673445,611897,615000,684955,668733,740478
3107,740154,678117,772203,810236,890787,883045,927353,998347,910350,891738,867735,858632
3108,135463,126285,123863,134696,135623,131609,136105,119326,103039,132225,125828,133171
3109,1661,1338,1808,1871,1805,1887,2189,2277,2136,2635,2510,1982
3110,26423,23161,37801,38380,40711,35350,30627,29964,37373,42167,41014,37732
3111,38,37,36,30,20,50,45,50,24,10,,
3112,29628,37360,34693,37274,45132,42323,42914,58575,53013,48250,42999,39206
3113,43339,49641,61605,64702,77857,71074,57752,56669,68680,76044,62655,59947
3114,7951,5095,6037,6459,6481,6502,6633,6671,6273,7162,5862,6109
3115,21952,17805,23347,20651,20534,18504,10871,11905,10897,12010,11834,11107
3201,192827,173454,212554,225096,239570,239755,242988,258028,257289,285517,275005,260832
3202,6870,5802,7830,8656,8629,8533,113338,121826,115778,133102,130909,48968
3203,34955,31395,40302,41777,46913,42497,43944,44036,42391,50789,50640,47672
3301,1966344,1612796,1962254,2009324,2040048,1934822,2102300,1963630,1927221,2114966,1981607,2016870
3302,148081,111981,138442,140504,131046,83257,92450,76529,75724,77902,34977,29384
3303,391839,321761,411796,416706,398981,385851,374638,351082,392570,429363,430017,443902
3304,62757,45977,56770,58036,56402,53529,60075,55251,55397,57467,53042,52521
3305,19451,15046,19424,21684,19645,19182,17796,16446,14859,16867,16387,14444
3306,4778536,4138633,4919676,5105084,5346070,5199760,5849368,5695973,5568036,6101198,6484199,6790811
3307,2932936,2515188,2960236,2976429,3223862,3295427,3463464,3615330,3589666,3747748,3780100,3989698
3308,92907,68729,82992,94045,100741,117283,134772,112713,121631,171485,175746,165202
3309,2342542,1733751,2115842,2089942,2358941,2231140,2380180,2343749,2197744,2409327,2621245,2779706
3310,148,57,70,35,8,8,23,6,11,,26,192
3311,30,475184,568783,610751,646711,631415,704643,635941,660347,707249,701974,728614
4100,59189,64832,119846,141373,166389,168047,157992,155129,139178,171627,149521,90265
4101,69438,71220,87256,87296,93683,91544,95925,99219,100787,107321,93203,93240
4102,52860,43654,49763,45105,46761,47882,54640,52112,46009,48931,50091,57532
4103,34576,39802,37212,32382,35039,33606,36491,37211,35122,32867,30885,41273
4104,12260,10757,11850,11479,12750,14369,21781,27327,14153,13827,13518,14719
4105,7140,4996,873,1047,1743,1688,2236,3133,1475,2886,2562,2685
4106,93,115,226,220,315,271,312,241,306,335,237,178
4107,43044,42489,46157,42428,43607,44090,47231,48554,47522,48536,46929,55521
4108,230,207,263,207,224,283,256,277,194,193,233,257
4109,84548,71043,62162,55715,66458,70430,85740,113070,69586,72083,61621,81188
4201,75539,69644,78888,76736,85681,87464,92959,92836,93307,96407,93277,119111
4202,1647,1382,1536,1454,1567,1509,1900,1736,1609,1536,1469,1763
4203,307454,281941,298471,284428,331656,340729,408637,441514,400792,416343,409671,479926
4204,59,45,50,54,58,51,60,43,44,44,55,47
4205,261449,243300,209651,180041,208633,211567,240112,351702,191238,251265,202946,262764
4301,20022,20587,20142,17245,22725,21271,22413,34792,16864,25150,15841,19516
4302,469382,499469,291198,315433,413660,533694,562426,643398,357068,350091,453961,575486
4303,8,1,4,11,9,13,12,3,6,6,21,16
4304,3680,3931,4632,4571,5764,6299,6775,10331,5749,6638,4850,5276
4305,3564,3480,3609,3605,4063,4299,4455,5718,2888,3336,2655,3390
4401,69880,72535,68440,57817,80748,63865,65471,73972,70910,70666,72024,72661
4402,81539,71812,88438,87536,93527,92745,98116,98938,96312,99458,96879,100869
4403,8071,7990,9739,10376,12641,12743,12503,16849,10706,14327,11293,10092
4404,87,66,131,115,118,81,101,107,120,89,112,114
4405,838,780,918,923,1084,1096,1110,1171,1092,1146,1104,1236
4406,8984,8354,11090,12944,14543,13106,11813,12863,11355,14851,12536,12308
4407,2430,1654,3544,2687,3027,2817,2555,2670,2860,3107,2877,3360
4408,3209,2092,2507,2316,2727,2729,2907,2501,2401,3094,3080,3193
4409,2939,2357,4233,3020,3093,3031,2864,3226,3052,3320,3229,3330
4410,3140,2586,4128,3721,3419,3382,3609,3388,2956,3157,3609,3849
4411,111855,105985,145367,152083,184171,153743,160050,133616,138741,170050,152681,142813
4412,9699,10437,14322,15317,17228,16957,16664,16696,15455,17788,15539,13445
4413,69,71,92,69,95,91,108,98,106,117,78,75
4414,14822,11810,17496,19315,25886,27687,28351,31084,30833,36154,26062,18744
4415,34713,32514,37643,38737,46608,47901,50595,53607,49727,53401,49287,50359
4501,243442,214252,445825,296230,302290,295551,291302,291142,292657,310689,308893,353391
4502,38204,32651,69913,47334,46047,45101,42985,42079,43173,47957,47010,50421
4503,337626,268356,512355,315347,276450,285100,389787,362032,363453,295231,288113,372915
4504,37327,39455,40390,37282,47637,38383,41561,47217,41818,42007,39523,61752
4505,135770,132298,144788,144388,151238,151856,158907,156274,158215,164344,167248,147604
4601,87851,79687,101687,87145,98693,98533,97435,100242,87297,98750,101028,96072
4602,3092,1918,2209,1713,1971,2152,2792,2135,1734,1862,2042,2664
4603,30679,20863,20166,16891,17400,18028,25439,22319,15310,18108,19803,26261
4604,338107,310831,393484,345771,395301,389667,411788,405104,388347,406929,405900,393526
4701,1486,1212,1638,1228,1308,1285,1225,1450,1284,1347,1415,1281
4702,31,60,238,148,210,103,125,183,158,161,161,116
4703,1169,1103,2541,2140,2346,2026,1373,1794,2577,2638,2583,2095
4704,6638,5146,7150,6871,6940,6708,7787,7945,6341,7005,7243,7651
4801,1792859,1857434,1965335,2069616,2155643,2223881,2307835,2370326,2449039,2522560,2571791,2641906
4802,114779,118301,101410,153951,138744,111448,178394,119330,187350,159859,129218,198112
4803,199998,146603,183505,184286,197153,178888,195007,189394,184768,223373,235030,229910
4804,98134,73332,76627,94413,94623,87405,112544,85971,90889,106754,97781,103303
4805,10010,8015,16106,14566,14075,14942,10779,10659,14742,16710,15860,14923
4806,56008,52298,60219,56716,57818,58036,61834,58910,59601,62800,59775,62609
4807,8103,6623,9844,9174,10279,9947,9912,10738,9946,10863,10964,11093
4808,62730,52061,70494,70635,76919,71860,76639,73775,71292,89553,90706,87867
4809,682,508,820,753,795,833,916,923,909,1154,1141,1147
4810,65198,60366,66564,65308,70396,70474,74151,77858,64762,68084,67633,77711
4811,625,457,534,2138,3500,935,960,1217,784,890,706,5473
4812,498403,409364,507952,518116,559048,548393,575329,582533,517646,603859,580560,562324
4813,142,118,166,206,231,213,119,145,116,123,183,101
4814,1168,403,402,415,2140,721,1157,353,273,311,336,367
4815,2079,1764,2203,2372,2564,2264,2518,2394,2057,2543,2438,2479
4816,16039,14287,17395,18015,19593,20770,23295,25022,22073,25642,24603,22480
4817,2402,2334,2760,2756,3057,3284,3673,3785,3761,4597,5322,7276
4818,4980,4847,5835,6279,6705,6576,6013,5929,6567,8278,7922,7639
4819,178258,189266,199105,221743,221263,254841,263249,274883,291966,311323,307252,320714
4820,276221,270772,282511,305090,337808,325777,319870,346030,320623,365482,319741,315864
4821,39360,39050,52714,32215,36231,35618,36045,41825,32951,36072,35199,41978
4822,7971,7889,9898,11683,13264,11672,10258,13612,10162,19949,17543,11749
4823,1098,877,1125,931,1300,1429,1139,1313,1135,1162,1078,1016
4824,243,196,201,165,145,187,183,174,151,191,192,199
4825,18775,16725,21714,33651,22862,37692,32003,27880,36904,35345,30075,24982
4826,201046,168953,293862,299918,303992,237575,204099,175291,198037,282604,279426,252867
4827,53949,45336,66600,66242,74446,71991,73222,74962,65401,81095,78885,71575
4828,53878,45567,56398,53586,55328,56284,69255,74382,56562,60289,57053,56848
4829,35547,29693,42703,46227,52689,51822,52975,58398,58220,65638,58795,53356
4830,268410,240517,276619,272605,305142,298603,286886,314141,275318,312716,278506,295621
5101,330970,327733,356629,345312,371316,371800,379119,387299,383523,408448,408136,411562
5102,592717,619867,636878,661962,717815,703591,792939,778157,820093,857051,858586,924420
5103,,,2,2,1,3,1,,,,,
5201,714782,578348,676023,704259,735433,711259,780923,777916,686616,796698,794788,807512
5202,299814,248821,313921,335046,349459,332350,344531,339803,327846,400123,396699,406558
5203,426955,327227,420352,456837,461992,419442,421670,415020,421088,539212,547592,577380
5204,316798,267659,304938,290218,315869,317262,331001,348783,277848,321411,317009,324966
5205,143481,122293,149524,147436,159184,161647,168682,169591,159219,183328,179402,185733
5206,23397,17852,18767,18021,18883,18450,19336,18860,17137,19594,20127,22626
5207,57814,48218,58563,59897,63046,62125,63980,65176,58769,68849,69366,69782
5208,149530,127679,145486,146370,168449,168736,178833,188847,160155,175072,166226,165595
5209,110636,96054,113219,117275,130963,120641,122300,136247,114539,121733,115964,118999
5210,29196,25260,28692,28228,31780,31724,33822,35131,31672,34364,32876,33562
5211,256950,190451,276821,334589,311233,235911,211052,196710,263412,335277,352512,375725
5212,9154,7402,9070,8984,9351,9053,9124,9334,8473,11089,11413,12012
5213,73317,64843,79489,81999,89027,89463,98675,101900,91160,97281,87038,85881
5214,17290,14618,17940,18681,19845,18569,19328,19932,18903,28160,25339,22863
5215,35354,29455,37441,38420,41317,40480,42703,43424,38342,44488,43965,42031
5216,31923,26761,33334,33718,37089,37021,38896,38854,35972,41712,41854,41652
5217,210454,178398,231842,241659,259494,259478,269911,266910,237546,275252,273081,259972
5218,427,356,433,412,498,480,506,612,476,596,501,476
5219,240849,190809,288240,347477,316547,277543,291028,239679,282722,355575,360039,384092
5220,40807,35061,44555,45474,49391,48834,50961,51146,45897,52292,50323,48707
5221,7731,7354,8676,8823,9365,9372,10140,10238,9592,11575,11012,10661
5222,111897,95201,121321,124176,136081,135977,143174,143697,129945,148997,144602,144276
5301,174300,144031,182726,185852,200193,194338,197393,194864,179658,206788,202010,199150
5302,2444009,1990080,2571767,2764892,2835640,2610173,2668209,2599529,2681175,3051809,3047094,3221725
5303,6448,5622,6860,6435,6733,6515,5740,6218,5784,5912,5008,4524
5401,1677,1957,1745,1457,1877,1619,1680,2235,1553,2338,2237,2026
5402,3066,2635,3084,2916,3017,2807,2851,2957,3058,3059,2991,2996
5403,1540,1409,1800,1699,1842,1873,1810,1949,1924,1999,2073,2224
5404,17258,17516,31239,32956,36806,37065,35790,37521,38257,41518,42557,43493
5405,513137,450320,569627,545375,586889,583322,605889,591780,568536,594665,568119,607709
5406,3994,3468,4551,4453,5114,5200,5268,5330,5236,5710,5719,5973
5407,22255,20555,21068,20445,19433,18579,18985,18516,20313,21785,23622,26824
5408,17061,14761,18333,18228,20089,20421,20627,20773,18664,20368,19448,19405
5409,16922,14634,19096,19669,24504,25711,26718,24174,19298,20997,19710,21190
5410,283171,263591,261176,241904,212074,194945,193295,185032,215938,242146,278547,352403
5411,588303,525035,647388,606244,678329,709977,697240,661291,632104,667537,647406,726250
5412,14612,12601,16833,15264,17217,16508,16390,17283,15145,17131,17979,17002
5413,1498,1305,1478,1577,1564,1449,1385,1338,1359,1586,1567,1609
5501,26523,22255,26891,26956,29362,27616,28427,29974,27903,31627,31792,31361
6101,498773,443701,544022,561551,715184,629433,670441,554116,566865,660780,637692,626796
6102,13570,17401,20920,21855,24076,21057,18318,20428,21203,22809,22303,19247
6103,7565,8781,13575,14603,18653,13515,11492,8341,15172,16545,15009,12546
6104,58696,47962,63560,65359,85909,79295,84375,66635,58781,71891,77923,80134
6105,13457,15909,14445,16367,17146,5785,3511,4189,7743,7937,5737,6300
6106,733,598,673,794,755,763,694,704,628,865,824,991
6107,78133,73932,103994,111094,138562,115475,115569,100601,98144,130530,119277,100195
6108,3579,2947,4283,5688,5874,6169,6242,5664,4639,5964,4503,4037
6109,50379,43408,53103,55297,67558,64747,63945,48560,55263,56027,48592,52595
6201,13243,11583,14699,14670,16563,15438,15171,13811,12789,14186,13525,13997
6202,57095,48965,63591,64171,76782,72717,74344,70990,63714,72631,68857,82343
6203,111144,101154,126737,121026,137692,129152,131077,137642,117854,125367,117039,126521
6204,6761,5718,8062,8535,10363,9940,9571,8344,8084,9622,9550,10337
6205,1893,1717,2920,3546,4038,3966,3472,2507,2964,3666,3278,3621
6206,24335,20818,32766,34265,44734,42377,41006,31520,31239,36730,36064,35310
6207,2102,1780,2177,2397,3028,2677,2385,2165,2120,2699,2860,3247
6208,117030,99507,134833,135072,151352,141272,138569,140400,128895,146557,141647,132116
7101,2322,2175,2268,2552,2564,2231,2522,2556,2334,2985,3253,3198
7102,3300,3098,3898,3533,4250,2921,3031,2952,2689,3152,3286,3607
7103,962,859,1019,827,795,809,873,904,769,927,844,843
7104,1747,1602,2543,2564,3020,2921,2863,2916,2728,3278,2903,2523
7105,2288,2808,6427,8414,11541,10839,9040,8704,8910,10128,5562,3537
7106,239,218,297,308,384,340,377,509,377,728,828,355
7201,121596,99922,124716,121079,140324,130488,137464,144591,125813,145791,144610,141400
7202,53462,45826,58672,57190,63600,60316,63108,66738,58815,68161,69328,68108
7203,4727,3969,4970,4712,5627,4980,4701,5380,4744,5537,5202,4981
7204,16639,13948,16029,15961,20578,16047,13290,16682,15528,19317,17121,17357
7205,240395,218223,268439,278491,306966,305575,323011,356571,319594,358436,351946,385943
7206,1042,902,1265,1390,1694,1482,1594,1582,1493,1770,1522,1315
7301,2114067,1941190,2220030,2282729,2524874,2458955,2555911,2787692,2533110,2648082,2631557,2689028
7302,489095,445499,502039,490661,529678,518558,550754,591783,553137,574931,584864,612964
7303,204405,209483,226892,220178,227675,243936,226830,252399,232643,252349,265525,251835
7304,3036,2395,2813,2658,2945,2826,2864,2924,2635,3296,3646,3870
7401,562,419,523,560,650,580,624,657,515,774,751,561
7402,230,174,283,287,262,260,292,303,275,326,314,304
8101,290551,282306,299296,296781,351278,346890,372545,378481,346245,357238,374437,374013
8102,12225,12268,12827,13026,13322,13668,13851,13799,13842,14433,14337,14418
8103,507,440,563,517,525,513,447,494,480,572,603,579
8104,35804,34441,37665,38328,39085,39951,40522,42609,40875,43183,42546,42728
8201,14770,12310,19858,21247,21586,24014,17901,19042,23042,27785,28732,25531
8202,5560,5018,10227,12308,12119,14333,8872,9529,13956,18778,18644,16329
8203,19618,16732,21028,21161,23798,22647,22739,23741,20902,22833,21040,21020
8204,1764776,901735,931207,1043349,1022014,278402,287065,297375,275053,284896,290749,301508
8301,207191,190015,248883,236058,265450,265548,269836,251306,247330,269728,265044,278502
8302,26828,21946,28485,27003,28053,29873,27982,27890,29142,31259,31414,29442
8303,18992,16973,21049,20507,26353,26246,26144,21818,21845,27103,23711,20513
8304,4499,4205,5357,6036,6648,6446,5999,6327,5831,7079,6543,7797
8305,8839,7795,10986,10536,11450,11512,11110,11162,10427,12985,12435,11518
8306,4596,4221,4774,4450,5038,4902,5521,7220,4897,5081,4471,5335
8307,56953,78137,90079,98407,163459,71609,56023,52755,57294,71938,65928,69336
8308,250,214,231,202,208,213,261,318,304,331,301,313
8309,5334,3943,4336,4252,4633,4240,4844,4674,4048,5231,6751,6847
8310,8018,6750,8300,7678,8039,7849,8104,8279,7840,9345,9645,9908
8311,10803,8953,11472,11217,11954,12168,12898,12811,11264,13270,13806,13617
8312,47178,44271,49685,42758,43050,44780,45193,47250,42786,44917,43966,55513
8313,7454,6229,8998,8985,10675,9899,10475,9877,8417,10302,10016,9481
8314,1086,949,986,945,1006,908,907,831,908,1068,1046,1216
8315,738,638,943,740,845,835,690,820,754,762,749,757
8316,3280,3186,5135,5243,6110,5580,5007,5175,4978,6655,5522,4296
8317,3814,3226,4532,4552,4954,4669,5098,5109,4376,5130,4957,4663
8318,17767,15019,23204,22971,25342,24407,24418,24155,21106,27293,25913,23769
8319,32729,28587,35859,35062,40837,38340,39766,39824,38658,44337,43330,44499
8401,4681,4499,9052,11577,14090,11291,10239,11650,9556,10147,7492,5580
8402,5242,5817,14604,21199,25435,19306,17130,19185,13764,13207,8547,6636
9101,2079,2198,1035,354,352,429,251,396,666,410,507,714
9106,157520,44570,48017,37992,44802,73940,207411,154200,200242,98319,47576,92944
9107,586283,577276,553973,597053,597693,629865,623902,630278,653703,592639,629146,625062
9110,519,443,440,439,532,471,481,430,339,385,406,490
9111,192301,194416,195011,189264,200491,211151,204400,204072,208013,213265,216371,214377
